4
0
0
3
0
2
7
4
6
10
14
17
12
11
6
7
11
7
12
17
14
10
8
10
14
13
16
15
13
16
15
16
16
15
10
5
4
6
10
7
3
8
12
8
13
17
17
21
24
28
26
22
27
31
27
28
32
30
27
26
28
24
21
16
18
23
20
24
29
29
25
26
31
33
29
32
29
33
33
35
33
31
31
33
31
28
28
31
35
40
36
36
37
36
37
32
32
35
31
35
31
31
36
32
31
32
30
30
27
31
36
34
29
25
28
28
27
28
31
31
30
35
35
34
38
36
41
46
48
43
40
41
37
35
31
26
21
26
26
21
26
30
29
25
26
27
22
22
21
24
27
22
22
23
23
19
19
21
22
25
22
27
28
33
31
33
30
31
33
34
33
28
31
30
34
36
38
39
40
38
40
37
36
40
38
43
41
36
34
30
28
32
32
27
27
22
26
22
22
18
13
15
14
16
21
23
22
25
23
21
16
12
13
17
16
21
26
23
23
28
24
21
24
23
20
23
21
16
14
15
20
25
24
23
28
25
26
28
32
33
35
36
37
40
37
41
40
42
40
39
44
45
48
47
44
45
41
45
44
41
46
42
46
51
56
60
56
59
55
55
60
64
68
66
69
74
77
76
72
68
66
66
67
63
66
70
73
75
77
79
79
78
79
83
88
89
89
85
87
83
87
90
86
81
86
88
83
81
78
80
79
74
73
77
74
74
70
71
68
64
65
60
57
62
57
56
51
46
41
44
44
41
37
38
33
37
39
37
32
37
36
37
33
34
33
30
34
37
41
46
48
47
52
49
49
49
48
44
43
45
49
51
48
53
57
61
61
59
60
57
60
60
55
54
49
53
51
53
50
52
56
51
49
53
57
53
54
51
47
42
42
42
40
40
38
33
37
41
40
39
40
38
34
29
25
20
18
23
28
25
28
32
30
26
24
26
27
22
21
26
30
26
30
29
29
30
27
30
28
27
26
28
30
28
28
25
21
24
26
31
36
39
41
46
46
42
40
44
42
46
49
54
56
52
55
58
57
58
60
58
62
61
58
61
61
58
56
57
58
60
57
53
51
56
58
53
48
45
47
46
47
51
53
56
61
57
55
51
52
53
54
51
52
47
42
46
46
42
40
37
33
29
24
24
28
23
27
23
18
14
16
12
14
13
9
6
9
7
10
12
15
18
18
21
23
20
20
20
16
15
18
21
20
15
14
11
8
5
9
11
15
13
12
14
12
15
20
15
17
14
16
18
22
21
19
24
27
30
28
31
28
26
25
24
24
20
23
25
28
30
31
36
36
33
37
35
31
29
33
32
36
31
29
27
25
25
27
30
30
34
29
29
29
29
26
30
34
29
25
22
22
21
17
21
16
20
17
22
23
27
26
22
25
22
18
18
13
16
15
18
16
13
12
17
15
20
23
22
25
21
26
23
24
22
26
22
20
25
23
22
25
21
25
30
29
32
29
34
35
36
40
37
35
38
43
41
39
44
41
41
46
44
49
51
50
49
48
44
43
48
49
49
53
58
54
53
53
55
58
54
50
51
55
57
62
63
68
71
66
62
63
63
67
72
67
72
70
68
67
66
68
64
59
61
57
56
55
53
52
56
51
48
50
48
50
53
49
46
45
44
40
38
35
33
31
33
37
32
35
40
37
35
38
33
28
24
24
19
19
24
29
31
35
37
33
30
28
28
27
27
22
22
20
17
20
18
18
15
14
18
18
20
23
21
17
21
21
24
24
26
24
29
33
30
34
36
36
35
33
32
30
33
32
30
32
33
37
32
27
24
19
24
25
29
33
37
41
46
46
48
46
43
45
41
42
39
40
42
45
44
41
43
40
40
40
44
41
40
40
41
44
41
46
49
44
44
40
35
34
36
37
36
32
32
30
29
28
24
19
14
14
19
20
25
20
19
24
20
15
10
9
14
17
20
18
14
10
12
9
12
7
8
3
4
0
0
4
4
4
8
12
13
13
9
13
15
11
7
11
8
8
7
5
0
0
0
3
3
5
3
0
0
2
7
12
7
3
0
1
3
0
0
3
0
0
4
7
2
6
2
5
2
0
0
5
5
1
0
5
7
11
13
15
15
11
7
5
6
11
6
11
7
7
11
16
13
10
9
7
4
2
0
0
5
0
0
2
4
1
0
0
2
2
1
0
0
4
9
6
8
3
0
5
4
7
6
8
7
5
5
9
8
3
0
1
0
5
0
0
0
2
1
0
1
2
1
0
0
0
0
0
0
0
3
0
5
5
9
6
7
12
12
11
12
7
10
15
10
8
13
12
8
9
6
9
13
9
5
9
13
15
13
16
15
15
11
7
5
2
0
0
1
0
0
0
0
0
2
6
11
16
12
8
6
10
15
20
21
25
28
24
25
21
18
23
23
23
24
28
28
23
19
24
22
25
24
29
34
37
32
30
31
29
33
36
35
35
38
41
41
41
36
33
36
36
38
37
34
29
28
24
21
17
16
15
19
24
28
24
24
26
26
28
25
27
28
31
28
24
23
24
20
18
22
17
19
19
20
21
17
17
18
13
14
10
9
5
0
5
3
0
0
0
2
5
3
7
3
4
0
0
0
0
4
9
13
10
14
16
21
22
18
20
20
23
21
23
23
19
15
18
22
24
25
25
30
32
35
38
36
31
35
37
35
40
44
44
47
50
55
57
55
58
53
57
58
61
62
57
56
59
61
58
58
58
54
56
53
53
58
54
59
63
60
58
63
59
61
66
67
69
70
70
68
63
58
63
59
62
67
63
66
61
65
63
59
62
58
62
61
63
63
63
60
65
69
66
68
66
63
59
56
59
56
58
61
57
60
64
65
66
65
65
63
62
65
65
65
67
64
68
63
66
65
64
69
73
77
73
68
64
66
67
64
67
71
67
67
68
64
65
70
71
68
71
66
61
59
64
64
65
60
63
63
61
56
57
62
58
56
53
48
44
48
53
56
59
59
55
53
52
57
57
55
60
57
55
59
62
57
61
59
61
66
63
66
62
57
60
58
63
58
56
59
58
54
49
54
55
52
51
53
54
56
60
65
65
67
70
69
73
69
70
73
78
74
72
69
71
74
77
78
82
77
81
81
82
87
84
88
89
92
87
86
84
87
90
94
92
90
91
96
98
96
91
92
93
95
99
100
100
96
101
106
109
105
110
110
112
114
118
115
115
114
119
116
113
108
106
110
115
110
106
110
108
105
100
105
110
106
103
104
108
110
112
116
119
121
117
117
116
120
125
126
124
122
120
116
118
116
112
108
103
98
96
98
95
96
99
104
99
104
101
99
104
102
99
99
100
100
98
98
95
95
93
95
94
96
91
89
93
97
94
91
86
81
84
79
80
84
85
86
81
81
81
81
79
74
77
79
76
80
76
81
78
81
83
84
88
85
86
84
89
89
84
89
93
97
101
105
101
97
97
98
97
102
104
109
110
110
107
109
114
117
122
121
121
121
126
121
120
122
121
124
124
119
116
117
114
111
107
104
100
101
105
104
109
104
99
103
104
109
104
107
104
109
106
111
114
118
120
116
112
107
107
103
104
101
96
100
100
102
99
98
96
93
95
97
97
93
96
99
99
103
100
97
99
100
100
98
94
89
94
93
97
98
101
98
96
92
92
94
95
97
102
97
96
99
101
100
105
107
103
101
97
93
91
88
93
91
93
90
92
95
95
94
96
98
96
96
96
96
91
89
92
96
98
98
98
101
101
96
96
101
104
100
97
101
97
102
107
112
109
112
115
111
108
104
109
110
110
109
110
108
104
105
110
105
101
97
97
95
95
92
90
89
89
85
84
89
85
84
84
81
77
74
79
76
81
82
77
76
78
76
72
77
73
68
69
66
64
61
64
64
61
60
65
68
70
66
67
72
70
66
61
63
62
63
61
65
70
66
71
67
63
68
66
71
67
65
63
58
62
65
68
65
63
60
60
58
59
59
54
54
51
50
53
54
56
60
63
61
58
61
56
54
59
56
59
58
57
56
52
54
51
56
51
56
61
65
68
68
70
74
78
74
69
66
68
63
61
59
58
54
51
54
57
61
63
60
63
58
57
60
56
57
55
54
56
58
55
54
57
58
57
54
49
53
52
52
50
48
49
45
48
45
45
49
52
55
60
65
67
66
71
66
65
63
67
71
73
68
66
61
59
59
57
56
52
52
55
56
57
60
57
53
48
47
47
52
49
44
47
45
50
47
50
45
43
44
48
50
52
48
43
40
43
39
36
40
38
38
36
37
37
34
38
40
37
32
34
30
31
35
37
41
36
33
34
38
43
47
43
46
47
50
54
50
45
46
45
43
38
38
35
37
34
37
38
40
37
34
36
32
31
28
32
29
24
29
27
26
29
29
29
32
29
32
32
29
32
27
32
30
29
25
30
34
31
33
29
33
38
34
30
28
25
25
27
27
25
30
25
24
19
23
18
13
12
13
16
13
8
6
7
5
5
3
0
2
0
0
0
0
1
0
0
3
1
5
0
2
0
3
0
0
0
0
0
0
4
7
9
5
8
6
5
3
4
6
10
15
18
13
8
7
6
11
12
16
19
23
28
25
26
22
20
20
20
23
21
24
27
26
31
36
37
33
31
33
31
27
32
27
32
29
28
33
38
36
39
43
41
45
44
41
41
40
41
42
37
40
41
37
32
32
28
25
27
24
26
21
25
22
25
29
27
26
30
34
31
29
24
28
31
27
24
27
28
32
30
31
31
28
33
34
33
33
29
27
27
28
24
26
23
19
24
20
16
19
19
17
16
14
10
6
9
11
6
7
2
4
7
4
5
6
5
10
8
12
15
12
7
7
8
11
6
3
0
5
2
3
6
10
8
3
5
3
2
0
0
0
0
0
0
0
0
2
7
4
4
9
11
15
11
9
7
2
5
2
7
5
6
9
13
17
14
11
12
16
21
20
15
15
10
12
10
5
10
14
10
6
6
4
7
6
6
4
0
4
6
10
11
11
14
11
13
11
15
12
17
16
19
16
18
22
19
18
14
10
13
17
17
21
23
21
16
16
14
17
22
20
21
17
15
13
8
12
9
4
1
0
5
8
13
15
13
15
20
15
17
20
21
23
19
15
17
17
14
11
13
14
17
17
21
20
25
24
19
15
16
19
19
20
24
25
23
23
26
22
25
20
20
20
21
24
24
23
21
21
20
17
21
24
23
24
19
16
15
10
10
15
13
12
14
9
4
7
2
3
8
4
2
4
3
4
2
7
7
11
7
2
6
4
1
6
1
0
2
0
5
0
0
1
6
2
1
6
11
7
3
3
4
0
0
0
1
2
5
1
2
3
0
0
3
2
0
0
2
1
0
0
5
2
1
0
0
0
0
5
2
5
5
6
7
12
16
14
17
22
21
18
16
19
14
19
15
12
15
11
10
13
14
15
14
9
11
16
21
20
21
21
17
15
19
20
22
18
19
22
26
30
35
31
34
29
25
23
25
25
24
28
28
32
27
32
32
33
38
37
40
42
40
44
46
51
53
55
53
56
60
59
63
58
62
60
56
58
58
55
60
63
60
55
58
62
65
64
63
58
60
59
60
55
51
52
56
58
53
52
54
57
59
56
56
56
54
54
58
58
62
63
64
65
66
65
70
69
74
74
69
67
71
72
74
73
70
70
65
61
58
57
57
57
61
65
70
70
65
66
64
61
63
64
60
58
62
64
65
70
68
65
62
61
58
57
58
57
57
61
58
58
59
62
63
61
59
58
54
59
60
62
63
59
60
65
60
65
62
65
68
66
66
62
63
64
69
65
62
61
66
70
66
67
65
69
67
65
60
62
57
59
54
51
46
41
46
50
52
57
54
56
57
53
56
51
52
57
62
62
58
53
53
49
53
50
55
54
52
57
62
63
59
64
68
66
63
67
67
69
73
72
67
71
67
69
74
70
73
75
78
77
75
79
80
75
76
79
77
79
76
76
71
74
76
77
82
78
79
76
76
78
76
78
82
77
76
74
74
70
68
65
66
66
67
67
71
71
66
61
61
62
64
60
55
59
64
61
61
64
66
63
60
59
61
63
66
68
64
68
65
66
71
72
67
67
70
68
73
78
73
76
71
66
69
69
65
60
64
60
62
58
59
61
56
55
59
56
56
61
58
60
64
64
59
56
58
60
60
55
51
56
60
58
53
56
60
58
61
63
58
62
60
58
63
64
67
69
64
67
63
64
64
64
60
62
61
57
53
53
54
50
45
47
48
45
44
46
44
39
40
41
44
44
43
44
43
38
41
42
38
37
34
39
40
41
39
34
30
27
29
34
37
38
38
39
36
34
36
31
26
31
32
33
30
26
27
25
22
21
22
20
24
23
24
19
14
9
11
8
8
6
4
1
5
1
0
0
0
4
7
6
7
2
1
4
8
3
2
5
8
5
8
13
15
10
6
11
8
5
1
5
6
10
6
11
15
20
20
17
19
19
18
22
24
28
28
28
33
32
32
30
33
29
25
20
23
21
17
18
21
25
29
30
31
30
32
34
38
33
34
32
29
24
28
28
26
28
30
35
35
30
29
24
29
25
21
18
21
16
18
16
21
23
27
32
27
30
32
27
32
29
29
26
27
28
30
35
33
28
23
27
24
27
26
22
25
30
32
30
29
33
36
31
29
30
31
27
31
28
26
26
28
24
29
31
35
31
34
37
34
38
40
36
40
45
45
42
42
40
39
40
37
40
37
39
36
32
34
37
32
28
24
19
19
15
17
14
17
19
19
22
20
16
19
19
21
16
18
19
21
19
20
24
26
30
27
28
29
30
27
24
29
29
25
28
33
34
30
31
32
37
38
39
36
31
31
29
25
24
29
30
28
26
29
25
25
30
28
33
38
36
39
34
31
34
30
30
29
26
24
22
18
21
18
16
17
13
17
16
15
14
18
20
19
17
13
15
16
14
10
6
1
0
0
5
8
5
1
4
9
10
13
11
12
7
12
12
16
19
18
16
15
16
21
22
18
15
18
18
13
10
13
13
15
20
18
20
22
18
18
19
23
21
26
27
24
25
28
31
35
40
43
41
44
42
42
44
42
45
44
43
43
42
41
37
33
36
39
39
34
34
31
30
27
27
29
33
37
37
42
40
43
42
45
50
46
42
45
47
46
47
48
48
52
47
51
47
42
40
36
41
41
44
44
44
47
42
42
47
43
48
49
45
46
48
51
50
45
45
44
47
49
52
53
52
49
50
55
55
50
52
52
56
57
59
58
53
54
55
53
50
52
56
60
55
55
55
59
62
67
65
70
74
73
71
71
66
66
63
67
68
67
68
68
68
73
68
70
71
66
63
62
62
67
64
64
61
63
59
61
59
58
61
59
55
59
60
60
65
62
62
60
65
67
64
65
63
59
59
54
59
58
60
63
58
57
60
62
66
63
60
55
59
57
60
59
58
61
59
61
62
63
66
62
65
67
70
67
65
68
64
64
62
59
64
64
69
66
66
67
72
76
78
82
85
85
81
81
77
72
69
70
69
70
69
70
74
77
74
79
81
86
86
90
92
96
95
98
97
96
97
93
91
95
99
104
101
97
100
96
96
95
90
87
85
85
80
85
88
91
96
94
98
97
102
98
101
101
96
91
88
92
88
93
98
94
89
85
90
89
88
92
92
95
91
95
91
88
89
88
87
89
90
87
89
87
85
83
82
79
82
84
80
82
81
83
83
82
85
86
89
94
91
86
87
88
88
92
97
99
102
106
108
109
105
107
102
106
109
114
110
105
105
104
103
108
110
113
116
112
117
113
117
115
111
112
110
110
115
119
124
120
125
126
128
123
124
120
123
118
113
114
118
115
117
121
117
118
121
119
118
113
118
122
125
120
115
112
114
118
118
117
121
123
124
119
116
112
117
121
118
116
117
112
115
118
115
112
111
109
112
109
111
115
117
122
126
129
126
123
125
123
123
125
128
124
129
130
129
133
132
130
127
124
120
122
125
123
121
126
131
126
130
126
128
126
129
132
127
131
128
131
126
127
123
121
124
124
127
123
128
129
132
134
138
139
143
141
138
133
128
127
129
129
132
131
131
129
124
124
127
131
126
126
131
127
127
124
124
121
126
126
130
131
126
131
130
128
129
127
122
125
130
127
124
120
122
118
123
124
123
119
121
125
130
133
134
138
134
136
132
130
129
131
132
136
136
138
135
132
134
136
135
135
134
133
138
143
143
148
144
148
145
149
148
149
146
151
149
148
144
145
142
137
133
135
133
133
129
132
136
133
133
128
123
126
123
124
122
126
127
128
132
129
134
129
131
133
138
141
137
139
142
137
134
133
134
139
137
133
136
138
143
138
142
138
141
136
133
137
139
138
133
133
131
130
128
127
130
126
127
124
120
117
122
121
123
118
120
117
114
113
118
114
116
112
111
115
119
115
116
113
110
112
109
112
116
112
108
107
109
107
109
106
108
111
106
107
112
110
107
110
106
107
112
108
113
114
109
105
108
103
105
102
103
108
113
114
111
115
113
113
113
110
105
105
102
106
111
109
110
107
104
102
107
109
104
107
109
110
111
106
110
113
118
118
118
121
116
112
112
109
109
113
117
119
119
124
127
123
128
125
121
123
120
124
124
128
127
129
125
126
121
125
124
126
122
120
123
121
119
114
119
118
122
123
118
115
117
117
114
110
108
104
107
108
108
112
115
114
116
116
111
112
107
105
107
112
107
104
106
105
105
104
104
101
100
102
98
100
95
99
104
105
109
107
106
104
102
104
103
101
103
102
102
97
101
97
100
95
95
100
99
101
98
95
100
102
101
101
97
100
105
103
108
106
111
111
114
111
114
111
116
113
111
110
112
108
109
107
108
105
109
109
113
110
114
118
114
114
118
123
119
118
120
116
119
114
113
112
113
111
106
108
106
109
110
115
112
110
106
101
99
94
92
89
88
87
91
91
89
91
93
88
85
80
76
78
78
82
78
79
76
80
83
88
85
84
83
86
89
87
85
83
78
79
76
75
72
76
75
76
81
80
79
82
83
82
87
90
93
92
91
91
91
89
94
96
91
86
83
85
86
91
93
89
94
96
91
88
83
80
84
79
80
84
83
83
86
88
90
85
87
90
95
90
88
90
95
99
104
99
98
93
89
85
80
77
74
71
68
73
68
66
68
72
68
65
62
63
60
55
50
51
55
51
53
52
54
56
51
52
57
61
57
61
66
65
62
64
69
69
74
79
80
84
79
78
75
70
66
69
68
67
67
62
58
59
64
65
64
60
60
59
60
58
62
60
63
58
55
58
56
57
54
57
55
59
56
60
57
61
59
63
64
63
62
63
66
63
68
66
68
69
73
73
74
77
74
76
79
77
72
77
79
74
74
74
77
80
84
84
88
84
87
84
84
85
90
93
95
97
98
95
100
99
97
96
95
90
95
100
101
99
100
98
102
103
103
103
98
101
97
98
100
102
102
97
101
103
108
106
110
114
116
121
121
126
128
130
135
138
138
138
136
139
143
139
140
145
142
143
141
145
149
147
152
157
153
153
153
150
154
153
153
156
161
157
161
160
165
169
167
167
163
166
163
163
168
172
172
175
170
174
174
175
176
172
173
171
175
177
181
181
186
183
182
182
177
179
174
179
178
180
181
183
183
182
186
184
187
182
178
177
179
174
176
180
179
177
178
181
182
182
186
184
182
181
184
180
180
175
171
166
164
169
174
173
169
164
162
157
155
151
156
151
148
153
149
152
155
158
158
155
154
152
157
154
149
147
144
143
142
137
135
138
133
133
138
142
142
146
149
148
144
147
151
155
157
160
162
160
164
163
158
160
165
165
165
165
163
166
169
166
166
170
166
166
164
164
168
168
171
170
172
177
175
180
177
175
175
172
176
181
178
183
184
186
181
183
178
177
177
181
185
182
179
180
180
180
175
172
177
175
177
177
179
180
182
177
173
171
169
172
173
172
171
175
179
176
171
175
175
170
173
178
173
169
165
163
166
170
172
168
165
160
156
159
162
163
162
166
162
163
168
170
175
178
176
171
173
170
173
175
173
177
176
171
167
171
174
170
172
177
180
175
170
166
165
165
165
161
160
155
160
162
159
154
152
155
158
163
166
168
167
165
167
171
167
165
160
157
152
155
150
148
146
141
146
145
142
147
142
138
137
133
135
135
134
133
135
130
127
131
133
132
137
141
140
135
134
131
131
136
141
146
141
145
147
147
147
144
148
151
150
153
151
146
143
147
148
148
149
150
146
151
154
151
146
146
146
151
147
149
145
140
136
136
135
133
135
132
137
136
137
134
136
134
134
135
133
137
136
132
136
133
138
133
133
135
135
140
135
132
127
128
127
126
128
133
131
130
134
137
141
137
138
138
134
139
142
142
138
138
137
139
134
136
135
134
134
138
135
140
137
137
138
135
135
139
144
143
140
136
141
136
133
131
128
132
127
122
117
122
122
117
115
110
114
113
115
110
106
104
104
108
103
106
102
105
100
100
96
97
98
100
95
98
100
96
99
98
98
100
105
109
104
100
103
98
96
94
99
96
92
95
97
97
93
97
96
95
100
103
100
104
106
110
106
105
105
100
96
96
100
105
108
103
108
109
114
111
116
115
113
111
106
109
106
102
97
96
96
95
90
86
86
81
86
82
82
80
84
84
88
89
85
89
92
97
92
92
90
95
90
86
83
81
77
82
85
90
95
90
95
97
100
104
103
98
97
98
94
91
88
84
81
78
82
81
81
81
81
77
73
77
81
80
85
90
94
92
91
96
96
101
98
96
92
96
93
93
91
90
93
97
95
96
100
103
99
100
101
105
110
114
112
116
114
117
119
121
117
119
122
119
115
110
106
107
111
109
113
113
108
110
111
108
103
105
110
111
108
104
100
99
104
104
109
109
113
114
115
118
118
118
113
113
117
117
114
111
111
113
108
110
109
113
110
114
111
108
108
111
109
107
112
112
109
110
112
113
118
117
121
117
115
119
114
114
116
120
118
118
113
113
111
112
115
114
116
116
118
116
112
107
111
106
106
111
110
110
106
110
110
115
112
115
119
123
126
121
119
114
109
109
111
108
113
112
108
103
98
100
100
96
95
98
93
97
101
99
97
102
107
108
112
116
120
122
118
123
121
118
117
118
117
118
119
119
118
113
114
111
106
106
106
106
111
106
108
105
109
112
116
113
116
117
116
112
114
114
118
123
121
117
116
119
124
126
127
122
123
120
118
122
123
121
120
124
122
118
115
116
119
118
121
120
125
125
124
129
127
130
134
134
132
129
127
129
131
135
140
135
134
133
136
139
136
139
138
138
143
146
141
145
146
143
146
143
143
140
139
144
141
138
141
145
141
140
139
144
140
138
138
136
131
134
137
132
133
129
133
136
132
127
124
121
123
127
130
128
128
127
123
121
116
113
114
113
113
116
111
112
116
113
113
108
105
105
109
104
107
108
109
111
113
111
116
116
115
118
122
118
120
122
124
128
128
124
126
130
129
129
132
131
136
138
139
140
140
139
142
138
135
140
144
142
140
141
146
145
147
148
148
144
145
147
149
148
153
154
157
155
151
146
142
144
142
146
146
149
146
150
145
150
148
151
152
153
158
160
165
166
164
160
165
163
160
163
164
165
163
158
159
156
153
150
148
146
151
156
160
160
156
151
150
145
141
137
137
137
142
145
143
140
142
140
143
139
138
138
143
148
151
151
147
149
148
152
152
151
147
142
140
139
134
133
137
138
134
137
133
128
126
127
126
123
118
116
112
116
118
118
113
117
116
121
123
128
126
128
128
132
130
132
129
134
133
132
134
134
136
140
143
144
148
148
148
150
152
149
144
146
145
147
145
143
142
147
147
142
143
138
137
142
145
150
147
147
149
154
150
145
150
146
149
145
141
136
140
136
136
131
131
126
123
120
123
121
121
120
120
122
124
121
120
115
115
114
119
124
127
122
124
121
116
117
118
121
118
120
123
121
125
130
132
130
130
135
140
145
141
146
150
150
147
149
153
158
160
158
158
159
155
159
159
161
160
156
161
157
152
151
148
144
144
141
145
140
144
140
145
147
145
150
150
145
144
140
140
137
136
136
136
133
131
136
134
129
124
123
122
117
112
112
107
110
115
115
118
120
123
118
117
121
117
118
118
117
113
110
115
116
112
108
113
109
104
105
103
101
99
98
100
96
95
97
92
97
98
101
100
102
104
105
109
107
106
105
103
108
105
102
101
101
100
102
100
104
104
107
111
112
113
108
112
114
119
116
118
116
114
118
114
109
111
115
113
118
123
122
127
130
128
132
134
130
127
127
131
134
133
136
139
138
143
138
139
136
141
138
134
130
126
123
124
123
120
125
128
132
133
129
128
127
129
134
137
141
137
133
136
139
137
137
141
139
134
134
137
132
127
124
119
123
119
119
123
119
122
124
122
118
120
121
120
123
126
123
128
131
136
140
139
141
136
141
143
147
144
149
144
145
142
145
145
142
140
135
135
139
141
146
148
145
148
145
141
140
137
136
133
129
130
134
134
131
132
135
132
132
130
133
134
137
137
142
144
149
145
148
149
154
155
157
160
159
163
161
160
162
159
157
160
162
162
161
159
157
159
159
155
154
155
159
154
157
153
149
146
145
147
150
149
144
146
149
150
153
157
153
151
149
148
150
153
156
155
156
153
152
155
150
150
147
151
151
153
156
155
151
147
143
142
146
142
139
141
137
139
142
144
142
139
134
131
131
130
132
134
138
137
141
141
136
140
138
135
139
142
144
146
142
144
139
139
137
132
127
122
126
121
121
121
125
122
119
121
123
122
122
118
120
116
119
117
115
113
113
110
115
113
112
117
118
113
116
119
122
120
117
115
116
119
117
113
110
111
106
102
100
103
102
105
101
100
99
99
100
96
95
99
95
100
101
97
100
105
101
105
107
102
99
102
103
104
109
108
107
111
108
112
110
114
116
116
121
117
120
124
119
116
116
112
117
117
114
118
121
126
124
120
124
122
124
121
126
122
126
121
125
129
129
127
122
124
121
120
117
117
118
119
118
116
116
111
108
106
104
106
106
103
102
99
98
101
105
105
100
104
106
110
108
106
111
111
110
107
112
108
112
114
111
115
114
113
113
116
116
111
111
106
111
111
108
111
107
107
110
107
103
99
99
102
102
103
100
101
97
92
95
96
97
96
97
98
99
95
97
100
104
105
104
109
112
117
114
111
107
110
112
115
114
110
107
111
108
109
105
100
103
98
99
98
98
98
95
98
93
90
95
100
96
96
101
102
101
102
107
105
102
104
109
114
109
109
110
110
109
107
111
113
110
111
110
114
110
114
113
117
120
120
118
120
125
122
120
120
121
120
116
113
118
118
117
114
109
107
103
101
99
98
95
98
96
95
96
93
96
101
97
102
105
108
107
111
109
113
110
110
108
113
117
112
107
106
103
100
95
98
99
94
90
86
90
89
91
96
98
94
97
99
99
104
104
108
103
107
105
104
102
107
105
101
99
101
101
101
98
94
97
99
101
97
96
91
91
93
95
94
98
94
90
90
85
86
81
85
82
83
80
82
79
84
88
91
90
90
91
90
93
92
91
89
84
79
82
79
81
77
73
76
74
69
70
65
70
66
61
57
61
59
55
51
46
48
48
46
41
45
44
47
44
43
40
40
40
40
40
40
41
46
42
42
40
41
37
32
31
28
32
34
33
29
26
29
29
24
21
26
26
22
19
19
16
15
12
13
11
15
12
11
7
4
5
6
11
15
17
22
25
30
25
29
24
25
24
27
29
33
31
27
31
26
31
36
35
32
29
24
24
20
21
16
20
20
23
18
17
15
17
18
22
23
18
16
18
16
17
22
24
28
33
33
37
34
37
39
40
44
40
38
38
33
30
35
37
40
41
44
49
45
42
38
42
39
38
38
40
44
40
42
44
49
50
55
51
48
47
49
44
42
42
41
41
41
41
43
43
40
36
38
34
38
36
36
33
36
40
41
42
41
39
34
30
26
25
28
27
29
28
25
29
34
35
38
40
40
36
35
32
27
31
27
28
28
24
22
18
14
11
14
13
14
18
15
15
20
18
13
12
8
13
14
12
12
8
5
7
7
6
1
3
1
6
9
9
11
6
2
0
0
0
0
0
0
0
0
4
6
5
8
6
6
4
8
3
4
0
2
1
0
4
0
0
5
1
5
1
0
3
5
6
3
1
1
4
9
11
11
15
20
25
25
30
34
29
26
28
26
25
25
22
17
20
17
14
11
7
3
3
7
12
14
10
6
11
16
12
17
12
17
19
16
17
14
9
9
5
4
3
2
5
8
6
2
6
3
0
3
1
0
2
7
11
12
9
13
15
15
11
16
11
10
5
0
0
0
4
4
0
1
0
0
0
0
4
6
5
7
9
10
7
2
0
0
0
0
1
0
0
3
5
10
12
10
11
9
6
2
5
9
5
1
0
0
1
0
3
1
0
0
4
5
1
1
0
0
0
0
1
0
0
0
0
4
3
7
12
11
9
13
11
16
11
7
8
5
4
9
7
11
7
5
0
1
0
5
2
4
0
4
3
2
1
6
9
12
12
13
15
17
22
24
29
25
29
28
30
25
21
18
13
9
9
9
9
7
2
7
4
3
4
0
0
2
6
2
4
0
4
1
2
3
1
0
4
0
0
0
3
6
10
5
2
7
8
8
11
11
16
21
25
20
22
26
30
27
32
30
28
30
26
27
32
36
35
40
45
50
50
55
51
50
48
47
45
40
35
39
41
44
45
47
52
47
50
51
54
49
51
54
58
58
56
61
56
60
57
52
55
55
57
52
48
50
45
41
41
37
38
40
40
37
32
27
22
17
13
14
12
9
5
8
12
8
9
14
14
12
17
22
18
17
13
17
14
15
18
13
13
12
9
7
6
9
11
15
18
22
19
15
12
16
17
13
15
20
15
13
15
19
18
22
27
24
27
27
27
29
32
34
35
37
33
36
32
37
33
31
30
34
33
37
36
41
42
43
48
46
45
50
49
51
53
49
52
57
52
47
50
55
51
47
50
51
47
49
54
53
55
60
55
50
47
50
55
51
46
45
44
44
42
45
41
38
33
33
34
29
31
26
31
29
29
33
33
36
34
39
42
45
42
44
42
47
49
48
49
53
55
56
54
53
58
57
58
62
63
66
62
64
63
60
60
57
62
66
68
69
64
61
64
62
59
54
49
47
50
51
46
50
53
49
48
50
46
48
49
48
45
44
45
44
40
39
41
46
50
54
52
51
52
51
49
47
44
47
44
44
43
44
47
44
43
38
34
38
39
41
43
46
42
37
35
36
39
37
41
42
38
41
44
45
50
55
58
55
54
53
53
56
54
52
48
53
48
50
50
47
52
52
54
49
49
48
44
43
41
39
41
40
40
37
41
41
37
34
30
25
27
29
31
35
34
36
33
38
40
41
45
41
42
40
41
45
50
54
57
56
54
51
53
51
56
51
46
50
50
54
51
50
50
51
52
50
47
44
39
43
42
42
43
41
42
44
48
47
42
37
36
36
37
32
29
32
32
36
40
42
46
48
47
43
45
43
39
37
36
40
38
34
36
39
42
37
41
41
46
42
44
48
53
52
52
51
53
58
53
56
52
56
60
58
61
56
51
56
56
56
53
54
59
63
62
58
61
62
58
55
54
56
55
59
59
64
64
61
59
58
59
59
59
59
59
54
49
51
48
53
56
52
50
55
51
53
52
55
50
53
53
56
54
51
46
48
49
50
52
48
49
51
47
42
45
40
38
33
28
29
29
28
26
30
31
34
31
29
24
25
24
24
24
20
22
20
20
25
25
26
28
23
28
30
28
26
24
19
19
23
18
18
16
13
16
21
18
21
19
18
22
22
21
24
24
19
22
20
23
22
21
24
22
20
21
23
18
19
21
24
27
25
24
29
28
31
29
32
32
29
34
29
30
33
36
34
34
32
32
30
27
32
27
27
30
25
28
31
29
31
33
34
29
28
28
26
30
34
35
37
37
37
35
34
30
33
34
32
28
26
31
35
39
34
35
33
37
36
40
38
37
37
38
40
41
44
40
45
46
50
46
47
46
46
50
45
40
39
37
39
43
45
46
41
38
40
41
37
38
37
35
32
32
36
33
35
33
32
37
33
36
32
29
25
20
19
17
19
24
26
29
30
31
29
32
36
36
38
39
44
49
48
47
46
43
47
47
48
50
47
52
56
53
55
57
59
57
52
57
57
59
62
66
64
61
62
64
65
67
63
65
66
69
74
71
66
68
71
74
76
72
72
74
73
68
66
69
73
78
74
78
80
78
83
79
84
79
84
89
86
90
91
89
90
92
88
92
94
97
95
97
98
97
93
90
85
83
79
76
72
77
75
80
77
78
75
73
72
77
74
79
81
78
73
73
74
75
71
72
72
68
67
63
64
62
65
70
73
78
80
83
85
89
94
96
92
92
92
89
91
92
94
91
95
90
92
89
91
87
85
87
87
84
79
79
74
71
71
66
66
62
62
57
55
57
56
61
64
60
56
53
52
51
53
48
44
41
36
36
38
33
37
40
43
38
37
40
45
48
50
51
47
44
41
42
42
38
41
44
47
46
44
46
51
56
60
57
56
59
61
65
67
62
59
55
50
50
50
48
48
43
45
41
44
42
45
47
42
45
42
39
43
39
44
44
46
48
47
47
50
45
48
52
54
58
58
59
59
62
64
63
68
70
75
76
78
74
72
72
74
69
65
68
70
70
75
78
75
76
75
72
69
73
68
65
70
70
69
67
67
72
67
66
68
65
65
65
61
56
56
60
65
62
66
68
73
78
74
70
67
64
67
63
59
54
51
50
50
55
59
64
61
58
53
52
52
50
51
49
44
44
43
42
45
47
48
43
38
34
38
38
43
39
35
38
37
42
45
47
47
43
43
47
52
54
54
54
49
47
44
40
45
43
47
46
50
50
47
51
48
51
56
60
56
60
65
60
61
62
65
64
65
60
55
59
61
60
62
62
61
66
70
73
72
76
77
75
70
67
63
62
60
60
60
65
62
60
59
64
59
58
58
61
57
58
56
52
54
51
50
52
51
46
47
46
46
48
47
47
43
46
42
37
34
31
35
36
31
30
25
27
23
19
18
13
11
16
15
11
8
12
11
16
15
16
20
17
16
17
13
9
9
8
11
13
15
19
20
17
18
20
21
18
18
16
13
15
19
22
20
24
24
19
21
20
23
22
26
30
35
30
32
35
38
36
40
37
41
43
40
40
36
38
40
44
46
42
40
36
38
37
37
40
37
42
37
37
40
42
47
44
39
35
34
38
38
40
44
46
41
40
43
44
40
42
44
40
44
49
46
48
44
40
36
38
42
44
45
40
42
40
41
41
42
42
43
43
45
40
42
37
34
36
32
33
33
38
36
31
35
35
30
25
28
23
20
23
27
30
28
30
30
30
25
25
20
23
19
18
17
18
23
24
26
29
26
30
25
29
33
35
36
33
36
33
29
32
27
23
23
20
16
21
25
21
22
17
22
24
23
22
25
26
23
26
25
25
30
33
31
35
31
29
31
34
31
31
35
33
30
28
27
22
21
20
18
17
19
22
23
18
15
18
14
19
18
23
20
20
23
26
30
34
39
40
38
39
36
39
41
41
41
37
38
37
38
35
35
35
36
36
31
36
38
37
41
38
33
34
31
32
28
32
33
32
34
33
29
25
30
32
28
23
24
27
30
31
34
29
26
28
23
23
23
21
25
26
25
29
33
37
36
38
35
35
40
38
37
35
36
38
38
34
31
28
23
26
23
24
28
29
25
25
29
30
28
23
21
24
29
26
26
28
27
29
30
29
26
24
27
29
33
34
32
34
33
33
30
28
28
24
19
24
29
34
37
32
35
31
34
37
41
37
36
35
39
42
45
49
51
51
52
56
51
47
51
53
49
49
52
57
58
62
62
60
62
63
64
69
68
63
59
61
60
59
56
60
64
63
65
70
70
65
62
67
62
65
64
66
65
63
66
68
71
66
68
66
66
65
66
70
74
75
78
83
78
79
84
81
85
82
79
77
80
79
77
77
82
86
81
80
78
79
74
79
75
74
70
73
77
78
79
83
88
93
96
99
96
99
103
105
101
102
100
95
91
92
97
100
95
91
88
83
83
83
79
79
81
77
79
83
87
91
96
96
99
94
90
